   Residue Number     State  0     State  1     State  2 
---------------------------------------------------------
Residue: HIP 15   0.025334 (2) 0.971802 (1) 0.002864 (1) 
Residue: CYS 17   0.999506 (1) 0.000494 (0) 
Residue: CYS 42   1.000000 (1) 0.000000 (0) 
Residue: LYS 45   0.971748 (3) 0.028252 (2) 
Residue: LYS 64   0.073274 (3) 0.926726 (2) 
Residue: LYS 72   0.939842 (3) 0.060158 (2) 
Residue: HIP 88   0.000416 (2) 0.439412 (1) 0.560172 (1) 
Residue: HIP 103  0.000906 (2) 0.725894 (1) 0.273200 (1) 
Residue: HIP 113  0.005548 (2) 0.703440 (1) 0.291012 (1) 
Residue: HIP 115  0.000252 (2) 0.743632 (1) 0.256116 (1) 
Residue: CYS 134  1.000000 (1) 0.000000 (0) 
Residue: HIP 147  0.002110 (2) 0.958462 (1) 0.039428 (1) 
Residue: HIP 149  0.002758 (2) 0.769214 (1) 0.228028 (1) 
Residue: LYS 158  1.000000 (3) 0.000000 (2) 
Residue: HIP 163  0.000054 (2) 0.040592 (1) 0.959354 (1) 
Residue: LYS 167  0.884616 (3) 0.115384 (2) 
Residue: LYS 169  0.624114 (3) 0.375886 (2) 
Residue: LYS 174  0.801630 (3) 0.198370 (2) 
Residue: LYS 175  0.972614 (3) 0.027386 (2) 
Residue: CYS 179  1.000000 (1) 0.000000 (0) 
Residue: CYS 180  1.000000 (1) 0.000000 (0) 
Residue: HIP 190  0.002586 (2) 0.781584 (1) 0.215830 (1) 
Residue: LYS 208  0.981320 (3) 0.018680 (2) 
Residue: CYS 224  0.996898 (1) 0.003102 (0) 
Residue: LYS 229  0.655858 (3) 0.344142 (2) 
Residue: LYS 257  0.997082 (3) 0.002918 (2) 
Residue: LYS 275  0.984068 (3) 0.015932 (2) 
Residue: CYS 278  1.000000 (1) 0.000000 (0) 
Residue: LYS 301  0.912380 (3) 0.087620 (2) 
Residue: LYS 304  0.849746 (3) 0.150254 (2) 
Residue: CYS 306  1.000000 (1) 0.000000 (0) 
Residue: LYS 321  0.754878 (3) 0.245122 (2) 
Residue: LYS 322  0.730956 (3) 0.269044 (2) 
Residue: LYS 326  0.953234 (3) 0.046766 (2) 
Residue: LYS 345  0.961906 (3) 0.038094 (2) 
Residue: CYS 350  1.000000 (1) 0.000000 (0) 
Residue: HIP 353  0.000078 (2) 0.453616 (1) 0.546306 (1) 
Residue: LYS 362  0.994202 (3) 0.005798 (2) 
Residue: LYS 363  0.970428 (3) 0.029572 (2) 
Residue: LYS 372  0.997184 (3) 0.002816 (2) 
Residue: LYS 375  0.951808 (3) 0.048192 (2) 
Residue: LYS 380  0.918944 (3) 0.081056 (2) 
Residue: LYS 401  0.950652 (3) 0.049348 (2) 
Residue: HIP 415  0.000492 (2) 0.625624 (1) 0.373884 (1) 
Residue: HIP 422  0.008668 (2) 0.894626 (1) 0.096706 (1) 
Residue: LYS 433  0.957888 (3) 0.042112 (2) 
