   Residue Number     State  0     State  1     State  2 
---------------------------------------------------------
Residue: HIP 15   0.974162 (2) 0.025838 (1) 0.000000 (1) 
Residue: CYS 17   1.000000 (1) 0.000000 (0) 
Residue: CYS 42   1.000000 (1) 0.000000 (0) 
Residue: LYS 45   1.000000 (3) 0.000000 (2) 
Residue: LYS 64   1.000000 (3) 0.000000 (2) 
Residue: LYS 72   0.999980 (3) 0.000020 (2) 
Residue: HIP 88   0.001562 (2) 0.006102 (1) 0.992336 (1) 
Residue: HIP 103  0.605572 (2) 0.349140 (1) 0.045288 (1) 
Residue: HIP 113  0.591928 (2) 0.259512 (1) 0.148560 (1) 
Residue: HIP 115  0.097678 (2) 0.880330 (1) 0.021992 (1) 
Residue: CYS 134  0.999970 (1) 0.000030 (0) 
Residue: HIP 147  0.276804 (2) 0.672826 (1) 0.050370 (1) 
Residue: HIP 149  0.809870 (2) 0.029798 (1) 0.160332 (1) 
Residue: LYS 158  1.000000 (3) 0.000000 (2) 
Residue: HIP 163  0.411340 (2) 0.000000 (1) 0.588660 (1) 
Residue: LYS 167  0.999644 (3) 0.000356 (2) 
Residue: LYS 169  0.999698 (3) 0.000302 (2) 
Residue: LYS 174  0.999924 (3) 0.000076 (2) 
Residue: LYS 175  1.000000 (3) 0.000000 (2) 
Residue: CYS 179  1.000000 (1) 0.000000 (0) 
Residue: CYS 180  1.000000 (1) 0.000000 (0) 
Residue: HIP 190  0.974938 (2) 0.017112 (1) 0.007950 (1) 
Residue: LYS 208  1.000000 (3) 0.000000 (2) 
Residue: CYS 224  1.000000 (1) 0.000000 (0) 
Residue: LYS 229  0.997966 (3) 0.002034 (2) 
Residue: LYS 257  1.000000 (3) 0.000000 (2) 
Residue: LYS 275  1.000000 (3) 0.000000 (2) 
Residue: CYS 278  1.000000 (1) 0.000000 (0) 
Residue: LYS 301  0.999870 (3) 0.000130 (2) 
Residue: LYS 304  0.999770 (3) 0.000230 (2) 
Residue: CYS 306  1.000000 (1) 0.000000 (0) 
Residue: LYS 321  0.999018 (3) 0.000982 (2) 
Residue: LYS 322  0.998702 (3) 0.001298 (2) 
Residue: LYS 326  1.000000 (3) 0.000000 (2) 
Residue: LYS 345  0.999908 (3) 0.000092 (2) 
Residue: CYS 350  1.000000 (1) 0.000000 (0) 
Residue: HIP 353  0.328980 (2) 0.399420 (1) 0.271600 (1) 
Residue: LYS 362  1.000000 (3) 0.000000 (2) 
Residue: LYS 363  0.999520 (3) 0.000480 (2) 
Residue: LYS 372  1.000000 (3) 0.000000 (2) 
Residue: LYS 375  1.000000 (3) 0.000000 (2) 
Residue: LYS 380  1.000000 (3) 0.000000 (2) 
Residue: LYS 401  0.999824 (3) 0.000176 (2) 
Residue: HIP 415  0.917142 (2) 0.021936 (1) 0.060922 (1) 
Residue: HIP 422  0.888172 (2) 0.102122 (1) 0.009706 (1) 
Residue: LYS 433  1.000000 (3) 0.000000 (2) 
