   Residue Number     State  0     State  1     State  2 
---------------------------------------------------------
Residue: HIP 15   0.879886 (2) 0.120114 (1) 0.000000 (1) 
Residue: CYS 17   1.000000 (1) 0.000000 (0) 
Residue: CYS 42   1.000000 (1) 0.000000 (0) 
Residue: LYS 45   0.999762 (3) 0.000238 (2) 
Residue: LYS 64   1.000000 (3) 0.000000 (2) 
Residue: LYS 72   0.999440 (3) 0.000560 (2) 
Residue: HIP 88   0.020852 (2) 0.351554 (1) 0.627594 (1) 
Residue: HIP 103  0.098836 (2) 0.772648 (1) 0.128516 (1) 
Residue: HIP 113  0.101542 (2) 0.561714 (1) 0.336744 (1) 
Residue: HIP 115  0.009560 (2) 0.969094 (1) 0.021346 (1) 
Residue: CYS 134  1.000000 (1) 0.000000 (0) 
Residue: HIP 147  0.057534 (2) 0.425384 (1) 0.517082 (1) 
Residue: HIP 149  0.156750 (2) 0.796812 (1) 0.046438 (1) 
Residue: LYS 158  0.998540 (3) 0.001460 (2) 
Residue: HIP 163  0.003922 (2) 0.050266 (1) 0.945812 (1) 
Residue: LYS 167  0.998444 (3) 0.001556 (2) 
Residue: LYS 169  0.994672 (3) 0.005328 (2) 
Residue: LYS 174  0.998110 (3) 0.001890 (2) 
Residue: LYS 175  0.999776 (3) 0.000224 (2) 
Residue: CYS 179  1.000000 (1) 0.000000 (0) 
Residue: CYS 180  1.000000 (1) 0.000000 (0) 
Residue: HIP 190  0.191338 (2) 0.713964 (1) 0.094698 (1) 
Residue: LYS 208  0.998740 (3) 0.001260 (2) 
Residue: CYS 224  0.999928 (1) 0.000072 (0) 
Residue: LYS 229  0.986420 (3) 0.013580 (2) 
Residue: LYS 257  0.999716 (3) 0.000284 (2) 
Residue: LYS 275  0.999930 (3) 0.000070 (2) 
Residue: CYS 278  1.000000 (1) 0.000000 (0) 
Residue: LYS 301  0.999322 (3) 0.000678 (2) 
Residue: LYS 304  0.995476 (3) 0.004524 (2) 
Residue: CYS 306  1.000000 (1) 0.000000 (0) 
Residue: LYS 321  0.993498 (3) 0.006502 (2) 
Residue: LYS 322  0.997002 (3) 0.002998 (2) 
Residue: LYS 326  0.998424 (3) 0.001576 (2) 
Residue: LYS 345  0.999270 (3) 0.000730 (2) 
Residue: CYS 350  1.000000 (1) 0.000000 (0) 
Residue: HIP 353  0.008702 (2) 0.403814 (1) 0.587484 (1) 
Residue: LYS 362  1.000000 (3) 0.000000 (2) 
Residue: LYS 363  0.998714 (3) 0.001286 (2) 
Residue: LYS 372  0.999890 (3) 0.000110 (2) 
Residue: LYS 375  0.999406 (3) 0.000594 (2) 
Residue: LYS 380  0.999692 (3) 0.000308 (2) 
Residue: LYS 401  0.999784 (3) 0.000216 (2) 
Residue: HIP 415  0.369998 (2) 0.619048 (1) 0.010954 (1) 
Residue: HIP 422  0.408864 (2) 0.541752 (1) 0.049384 (1) 
Residue: LYS 433  0.999338 (3) 0.000662 (2) 
