   Residue Number     State  0     State  1     State  2 
---------------------------------------------------------
Residue: HIP 15   0.483726 (2) 0.516018 (1) 0.000256 (1) 
Residue: CYS 17   1.000000 (1) 0.000000 (0) 
Residue: CYS 42   0.999960 (1) 0.000040 (0) 
Residue: LYS 45   0.998092 (3) 0.001908 (2) 
Residue: LYS 64   1.000000 (3) 0.000000 (2) 
Residue: LYS 72   0.993642 (3) 0.006358 (2) 
Residue: HIP 88   0.003294 (2) 0.752574 (1) 0.244132 (1) 
Residue: HIP 103  0.035192 (2) 0.787880 (1) 0.176928 (1) 
Residue: HIP 113  0.047648 (2) 0.763024 (1) 0.189328 (1) 
Residue: HIP 115  0.001148 (2) 0.890464 (1) 0.108388 (1) 
Residue: CYS 134  1.000000 (1) 0.000000 (0) 
Residue: HIP 147  0.011132 (2) 0.631856 (1) 0.357012 (1) 
Residue: HIP 149  0.108806 (2) 0.223424 (1) 0.667770 (1) 
Residue: LYS 158  0.999996 (3) 0.000004 (2) 
Residue: HIP 163  0.000086 (2) 0.027876 (1) 0.972038 (1) 
Residue: LYS 167  0.994686 (3) 0.005314 (2) 
Residue: LYS 169  0.909062 (3) 0.090938 (2) 
Residue: LYS 174  0.979350 (3) 0.020650 (2) 
Residue: LYS 175  0.998514 (3) 0.001486 (2) 
Residue: CYS 179  1.000000 (1) 0.000000 (0) 
Residue: CYS 180  1.000000 (1) 0.000000 (0) 
Residue: HIP 190  0.027526 (2) 0.866868 (1) 0.105606 (1) 
Residue: LYS 208  0.998282 (3) 0.001718 (2) 
Residue: CYS 224  0.999152 (1) 0.000848 (0) 
Residue: LYS 229  0.917478 (3) 0.082522 (2) 
Residue: LYS 257  0.999540 (3) 0.000460 (2) 
Residue: LYS 275  0.998090 (3) 0.001910 (2) 
Residue: CYS 278  1.000000 (1) 0.000000 (0) 
Residue: LYS 301  0.988384 (3) 0.011616 (2) 
Residue: LYS 304  0.972780 (3) 0.027220 (2) 
Residue: CYS 306  1.000000 (1) 0.000000 (0) 
Residue: LYS 321  0.875462 (3) 0.124538 (2) 
Residue: LYS 322  0.938498 (3) 0.061502 (2) 
Residue: LYS 326  0.989120 (3) 0.010880 (2) 
Residue: LYS 345  0.995804 (3) 0.004196 (2) 
Residue: CYS 350  1.000000 (1) 0.000000 (0) 
Residue: HIP 353  0.000774 (2) 0.342798 (1) 0.656428 (1) 
Residue: LYS 362  0.995884 (3) 0.004116 (2) 
Residue: LYS 363  0.989044 (3) 0.010956 (2) 
Residue: LYS 372  0.999894 (3) 0.000106 (2) 
Residue: LYS 375  0.980646 (3) 0.019354 (2) 
Residue: LYS 380  0.997122 (3) 0.002878 (2) 
Residue: LYS 401  0.995688 (3) 0.004312 (2) 
Residue: HIP 415  0.038232 (2) 0.716432 (1) 0.245336 (1) 
Residue: HIP 422  0.040444 (2) 0.674992 (1) 0.284564 (1) 
Residue: LYS 433  0.984288 (3) 0.015712 (2) 
