#Frame        RD_Lock
       1       8.7378
       2       9.5101
       3       8.9532
       4       6.5039
       5       6.1248
       6       9.2081
       7       6.6948
       8       7.4125
       9       7.0590
      10       9.6706
      11       8.8211
      12       9.4850
      13       9.7546
      14       6.5715
      15       8.7737
      16       4.1491
      17       6.7607
      18       7.2438
      19       8.1198
      20       8.8347
      21      10.2399
      22       6.2817
      23       6.4323
      24       6.8030
      25      11.1047
      26      11.8456
      27      10.8635
      28      11.2442
      29      14.5037
      30      16.8034
      31      17.1578
      32      16.0209
      33      17.8958
      34      18.8660
      35      19.4558
      36      16.6253
      37      15.5048
      38      17.0884
      39      20.2026
      40      19.7629
      41      17.6862
      42      17.0940
      43      19.4117
      44      16.2723
      45      14.6977
      46      14.6899
      47      13.8940
      48      14.4113
      49      17.7204
      50      17.8232
      51      18.2837
      52      17.4829
      53      17.6561
      54      19.2532
      55      16.4918
      56      16.2751
      57      17.1526
      58      16.1667
      59      14.4908
      60      13.1215
      61      16.1054
      62      15.5971
      63      14.5381
      64      18.4562
      65      18.3572
      66      18.0755
      67      15.5773
      68      18.2241
      69      17.3113
      70      18.4119
      71      18.3623
      72      17.0329
      73      16.3994
      74      17.2908
      75      17.9381
      76      16.3090
      77      17.8445
      78      16.5495
      79      18.8543
      80      17.1019
      81      19.1784
      82      14.8364
      83      14.7784
      84      15.8018
      85      17.2825
      86      19.0933
      87      17.5407
      88      18.9720
      89      20.1801
      90      18.9414
      91      15.9546
      92      17.7928
      93      18.5641
      94      20.3927
      95      16.2668
      96      17.9855
      97      17.5359
      98      15.2034
      99      13.2396
     100      14.1438
     101      14.1504
     102      15.8616
     103      14.6192
     104      14.3230
     105      18.1402
     106      20.3850
     107      16.8723
     108      15.4958
     109      15.3047
     110      15.5970
     111      16.3370
     112      16.7346
     113      17.6462
     114      19.2736
     115      16.8731
     116      12.5240
     117      11.8932
     118      14.1234
     119      14.9916
     120      16.4925
     121      14.0173
     122      15.8644
     123      12.9209
     124      12.3319
     125      14.9906
     126      14.1942
     127      17.0803
     128      12.7007
     129      14.8724
     130      13.9464
     131      12.6744
     132      11.2676
     133      11.7339
     134      11.8191
     135      14.0839
     136      11.3558
     137      12.5645
     138      17.6129
     139      19.4591
     140      14.4659
     141      19.7362
     142      17.9808
     143      20.1751
     144      18.7557
     145      17.9348
     146      17.1519
     147      17.2035
     148      17.3724
     149      17.3975
     150      16.6285
     151      17.2382
     152      16.9896
     153      17.8334
     154      15.4262
     155      13.4337
     156      12.9422
     157      14.5186
     158      13.8231
     159      12.8528
     160      10.7096
     161      13.9536
     162      13.9778
     163      12.3556
     164      15.7422
     165      15.2269
     166      15.8379
     167      13.1496
     168      10.4244
     169       9.0841
     170       8.6711
     171      10.2476
     172      11.3689
     173      10.7029
     174      10.6097
     175      11.5798
     176       9.6787
     177      10.7332
     178       9.3995
     179       7.3960
     180       9.7612
     181      11.3472
     182      12.0318
     183       8.6808
     184      10.2876
     185      11.1498
     186      13.6793
     187       9.8688
     188       9.3858
     189       9.3427
     190      12.8052
     191      10.4364
     192      11.4691
     193      12.0761
     194       8.0221
     195       9.6682
     196      10.5415
     197      14.9461
     198      16.7637
     199      14.8754
     200      13.3755
     201      10.5919
     202       8.6261
     203      12.4576
     204      10.2786
     205      12.1890
     206      10.1576
     207      10.6197
     208      10.4958
     209       8.5437
     210      12.2600
     211      11.0804
     212      12.3642
     213      12.6242
     214      15.1422
     215      11.5207
     216      11.2507
     217      14.5092
     218      12.3341
     219      12.7235
     220      13.7246
     221      11.8916
     222       8.5375
     223       9.2621
     224      11.2914
     225      10.6057
     226      10.0951
     227       9.8369
     228      11.3647
     229      13.4349
     230       9.6993
     231      10.9468
     232      11.0490
     233       9.4501
     234       8.8170
     235       8.9658
     236      10.1442
     237      12.7351
     238      10.4556
     239      13.2526
     240      10.8111
     241      14.7797
     242      17.1741
     243      12.4172
     244      12.8907
     245      15.6248
     246      15.2619
     247      12.5853
     248       9.8734
     249       8.2044
     250       7.7556
     251       9.0531
     252       9.4342
     253       8.8901
     254      11.1919
     255       8.4200
     256       7.6324
     257       9.3935
     258      10.4287
     259      11.7519
     260      10.4740
     261      12.0655
     262      10.6594
     263      10.0428
     264       9.2866
     265      10.3840
     266       9.9986
     267      10.8118
     268      10.7182
     269      10.2173
     270      11.1540
     271      12.8348
     272      11.1825
     273       8.8021
     274      10.8870
     275      10.4904
     276      11.8744
     277      11.7232
     278      11.5877
     279      11.0407
     280      10.4925
     281      11.6986
     282      12.4701
     283      14.6279
     284      14.9028
     285      15.9894
     286      17.7998
     287      18.1154
     288      14.6545
     289      16.3912
     290      15.2310
     291      14.5363
     292      14.1547
     293       9.1337
     294      10.6872
     295      11.1425
     296      12.2836
     297      10.7368
     298      10.9537
     299      12.0266
     300       9.0395
     301      10.0800
     302      11.7228
     303      13.5031
     304      16.8149
     305      13.7763
     306      14.7287
     307      10.2089
     308      11.0135
     309      12.3848
     310      12.2056
     311      13.9858
     312      13.5318
     313      12.6852
     314      12.6733
     315       9.3639
     316      12.0124
     317      12.3387
     318      15.5617
     319      14.6971
     320      11.3790
     321      11.6460
     322      13.1545
     323      10.8182
     324      11.4728
     325      10.8526
     326       8.6743
     327      10.0632
     328      11.4961
     329       9.7844
     330      13.0831
     331      13.7845
     332      12.5143
     333       9.1563
     334       8.7250
     335       8.7127
     336       8.6815
     337      10.7669
     338      11.5143
     339      11.4146
     340      11.5115
     341      10.3603
     342       8.8422
     343      11.4454
     344      13.1458
     345      16.4604
     346      19.7266
     347      17.1963
     348      16.7776
     349      16.6407
     350      17.6494
     351      16.5824
     352      14.2212
     353      12.7485
     354      14.0166
     355      15.4519
     356      17.1012
     357      14.7690
     358      15.9114
     359      16.4333
     360      18.0105
     361      17.0683
     362      17.2602
     363      15.7105
     364      15.7305
     365      17.3467
     366      15.7784
     367      15.5951
     368      14.5587
     369      15.1340
     370      14.4052
     371      14.1122
     372      15.7176
     373      13.9306
     374      15.6558
     375      18.9695
     376      21.4320
     377      19.9317
     378      13.1982
     379      13.3103
     380      15.0037
     381      15.1839
     382      15.0870
     383      16.1593
     384      19.1481
     385      14.8519
     386      14.5760
     387      10.8534
     388       9.7599
     389      15.4597
     390      13.2221
     391      16.1906
     392      18.1599
     393      14.7085
     394      15.1567
     395      18.1160
     396      15.5145
     397      17.6358
     398      16.2329
     399      15.3357
     400      14.7939
     401      11.3284
     402      13.2974
     403      12.9970
     404      12.6875
     405      13.9179
     406      14.5978
     407      12.8431
     408      16.4018
     409      15.3593
     410      11.0801
     411      11.0802
     412      13.3768
     413      16.4773
     414      19.7581
     415      18.0550
     416      16.3414
     417      17.8634
     418      17.5514
     419      12.1220
     420      16.0394
     421      13.8278
     422      14.2786
     423      16.6140
     424      17.6243
     425      13.0400
     426      11.2619
     427      15.7896
     428      19.3441
     429      16.7619
     430      15.4998
     431      14.4545
     432      16.2817
     433      14.7159
     434      15.4936
     435      14.3933
     436       9.8722
     437      10.0736
     438      12.9579
     439      15.4197
     440      15.9552
     441      14.0455
     442      15.7844
     443      14.2634
     444      13.2974
     445      13.8670
     446      20.1996
     447      19.6723
     448      21.5307
     449      20.0533
     450      17.7171
     451      18.3857
     452      19.7077
     453      19.9055
     454      17.3849
     455      18.5718
     456      16.2144
     457      17.7283
     458      19.1486
     459      18.4217
     460      16.6399
     461      18.0425
     462      16.9491
     463      16.5512
     464      16.1697
     465      16.7918
     466      22.1850
     467      19.1852
     468      21.1570
     469      20.4503
     470      18.9380
     471      15.4986
     472      14.9983
     473      10.4773
     474      13.8628
     475      11.8943
     476      12.8347
     477      15.3986
     478      18.6126
     479      18.3248
     480      16.0458
     481      15.0678
     482      15.3909
     483      17.7093
     484      17.2495
     485      17.6214
     486      16.5525
     487      17.2034
     488      16.7965
     489      18.9609
     490      18.4733
     491      17.8971
     492      16.0164
     493      19.0507
     494      16.4908
     495      15.7761
     496      15.9316
     497      15.0928
     498      16.4005
     499      18.6623
     500      17.3781
     501      13.4462
     502      13.4585
     503      16.1477
     504      20.3840
     505      21.9190
     506      20.1383
     507      17.6301
     508      19.1292
     509      15.6167
     510      17.2706
     511      15.4212
     512      17.1589
     513      13.6904
     514      10.4011
     515      14.9249
     516      13.6848
     517      10.2466
     518      15.6680
     519      12.9656
     520      10.1874
     521      13.1034
     522      11.5497
     523      13.9093
     524      13.8673
     525      11.4333
     526      13.9757
     527      15.5001
     528      16.5531
     529      16.4210
     530      14.3632
     531      13.7044
     532      12.9421
     533      12.5173
     534      11.0212
     535      11.9625
     536      14.2870
     537      13.9932
     538      11.5043
     539      12.2713
     540      14.3220
     541      11.3615
     542      13.5613
     543      16.3621
     544      17.6988
     545      12.1992
     546      13.9790
     547      12.0293
     548       9.4985
     549      10.1883
     550      11.4420
     551      14.8025
     552      13.0958
     553      13.5956
     554       9.1037
     555      10.5236
     556      14.8259
     557      14.3290
     558      14.1808
     559      15.9945
     560      15.5978
     561      19.1163
     562      18.3952
     563      17.7394
     564      18.9974
     565      22.1019
     566      18.2057
     567      17.1567
     568      15.1944
     569      11.8875
     570      13.7101
     571      15.2394
     572      15.4658
     573      17.7768
     574      15.6481
     575      14.5238
     576      14.6158
     577      15.6163
     578      13.0790
     579      14.4227
     580      14.0118
     581      12.4508
     582      17.1430
     583      17.1316
     584      14.7363
     585      18.9073
     586      17.8064
     587      18.6095
     588      14.6097
     589      15.4180
     590      17.1574
     591      18.5000
     592      17.7806
     593      16.4391
     594      15.1967
     595      17.1412
     596      16.9322
     597      15.3131
     598      16.5896
     599      16.7731
     600      14.3130
     601      14.6592
     602      18.5928
     603      14.8244
     604      16.2572
     605      14.5953
     606      12.9408
     607      15.6918
     608      13.5159
     609      15.2584
     610      16.9329
     611      16.7528
     612      18.0345
     613      19.6990
     614      17.1535
     615      15.5748
     616      18.1457
     617      16.4537
     618      18.9869
     619      19.3069
     620      17.9248
     621      18.7190
     622      18.1005
     623      13.6663
     624      15.7633
     625      18.8852
     626      18.9235
     627      16.0354
     628      16.5921
     629      19.1441
     630      16.8813
     631      16.4508
     632      14.4744
     633      18.8174
     634      16.1900
     635      17.8482
     636      19.4186
     637      17.6882
     638      17.9548
     639      16.0193
     640      19.0490
     641      21.1223
     642      19.2181
     643      15.5786
     644      18.7005
     645      20.5500
     646      19.5198
     647      15.4689
     648      15.8091
     649      17.5029
     650      14.3092
     651      16.9652
     652      17.2869
     653      17.9546
     654      17.9881
     655      16.2172
     656      16.4297
     657      17.3424
     658      19.7131
     659      16.2390
     660      17.2292
     661      17.8105
     662      18.0426
     663      17.0359
     664      17.0517
     665      15.9853
     666      15.5381
     667      13.9862
     668      15.2817
     669      16.9317
     670      20.1101
     671      18.5157
     672      15.6039
     673      12.2408
     674      13.8527
     675      19.2278
     676      20.8999
     677      20.5868
     678      20.6848
     679      19.3918
     680      20.6130
     681      18.8963
     682      20.6257
     683      18.6484
     684      14.2877
     685      11.3413
     686      13.3050
     687      12.5625
     688      11.2374
     689      12.0052
     690      14.7190
     691      14.8617
     692      18.1889
     693      19.3928
     694      18.1394
     695      16.7845
     696      18.7664
     697      21.3293
     698      20.9066
     699      20.5615
     700      18.5605
     701      21.1398
     702      19.6434
     703      17.8927
     704      18.7401
     705      17.4373
     706      16.4298
     707      20.4493
     708      17.6848
     709      19.5537
     710      18.7351
     711      16.9377
     712      20.0342
     713      17.3750
     714      19.6528
     715      18.4433
     716      19.7678
     717      21.4184
     718      21.2833
     719      21.4845
     720      18.6158
     721      20.3887
     722      19.3944
     723      19.6401
     724      23.0079
     725      20.9260
     726      20.2215
     727      17.9059
     728      20.0449
     729      19.1470
     730      18.9446
     731      18.5402
     732      19.9934
     733      18.7502
     734      19.4914
     735      18.8413
     736      17.6895
     737      13.6031
     738      17.1763
     739      13.9488
     740      18.3883
     741      21.5515
     742      17.9632
     743      20.2782
     744      21.4936
     745      17.6573
     746      15.4885
     747      13.0717
     748      13.0726
     749      13.0304
     750      16.1857
     751      11.0749
     752      10.1570
     753      10.7483
     754      11.6462
     755      10.5704
     756      13.8978
     757      14.0264
     758      10.0829
     759      11.1965
     760      10.9988
     761      14.5473
     762      15.9470
     763      17.0879
     764      15.7788
     765      12.5575
     766      13.9214
     767      14.2501
     768      12.8310
     769      12.9804
     770      17.2873
     771      16.1073
     772      17.9702
     773      18.4138
     774      16.0370
     775      15.8412
     776      10.8031
     777      12.1190
     778      11.8205
     779      11.4075
     780      12.7068
     781      10.4494
     782      14.8395
     783      15.8879
     784      12.3598
     785      11.9118
     786      10.6867
     787       9.8787
     788      10.2719
     789      13.9095
     790      15.7172
     791      14.1681
     792      15.8748
     793      15.2043
     794      17.1287
     795      13.1797
     796      15.3339
     797      11.6667
     798      14.6329
     799      15.8358
     800      15.6572
     801      14.9066
     802      18.1600
     803      20.8705
     804      20.6673
     805      19.3612
     806      19.8984
     807      16.3684
     808      19.9964
     809      20.0422
     810      17.9574
     811      15.1685
     812      15.0289
     813      14.7296
     814      14.9518
     815      16.7336
     816      15.5747
     817      15.1268
     818      16.2124
     819      12.0293
     820       9.9234
     821       8.9751
     822       9.0907
     823       8.3992
     824      10.6707
     825      10.4375
     826      11.1389
     827      10.5084
     828      10.0690
     829      10.0896
     830      10.1189
     831       9.9842
     832      10.9438
     833      12.5481
     834      12.9414
     835      13.9895
     836      11.7996
     837      13.9106
     838      12.8599
     839       9.7582
     840      13.2415
     841      14.1023
     842      11.2255
     843      10.4842
     844       9.3252
     845      10.3842
     846      10.5678
     847       8.7087
     848      10.1335
     849       8.7958
     850       9.6556
     851      10.6568
     852      12.3664
     853      14.4436
     854      13.7411
     855      11.8764
     856      12.7376
     857      13.3930
     858      11.3412
     859      10.7532
     860       9.9727
     861      12.0072
     862       8.4125
     863       9.3420
     864       8.9240
     865       8.9826
     866      10.3659
     867       9.1237
     868      10.3450
     869       9.2463
     870      10.4242
     871       9.9352
     872      10.0671
     873       8.8656
     874      10.7060
     875      10.1503
     876       9.4447
     877       9.0064
     878       8.5825
     879       8.7621
     880       9.8154
     881      10.8003
     882      10.9789
     883      12.8168
     884      13.1389
     885      12.8188
     886       9.8851
     887       8.2978
     888      10.1639
     889      10.5058
     890       9.9523
     891      10.2762
     892       8.4936
     893       9.9253
     894       9.8686
     895      10.3380
     896       9.9219
     897      11.5714
     898      10.6818
     899      12.2473
     900      12.3738
     901       9.5586
     902       9.3860
     903       9.7980
     904       8.5451
     905       9.8400
     906       8.9939
     907      10.2464
     908       9.1102
     909      10.7095
     910       9.8503
     911       8.9946
     912       8.7393
     913       8.7937
     914       9.6679
     915      10.5016
     916       9.8019
     917       8.2538
     918       9.6697
     919      10.2346
     920       9.2099
     921      10.4343
     922      10.0889
     923       9.9709
     924       9.5838
     925      10.3588
     926      10.3849
     927      10.2885
     928      12.0415
     929      11.1846
     930      12.9139
     931      12.8041
     932      14.8216
     933      16.7541
     934      16.9449
     935      17.9798
     936      17.0980
     937      20.5492
     938      18.2387
     939      17.5289
     940      16.2017
     941      18.2911
     942      15.5197
     943      17.5501
     944      16.4231
     945      19.2155
     946      18.9799
     947      15.3723
     948      16.7513
     949      15.0899
     950      14.0218
     951      18.3576
     952      18.4578
     953      17.3367
     954      18.1227
     955      16.5162
     956      15.0956
     957      12.3872
     958      13.1443
     959      12.0889
     960      13.0792
     961      15.0020
     962      14.6937
     963      11.8461
     964      14.5435
     965      14.5611
     966      14.5404
     967      13.2331
     968      14.1347
     969      13.2781
     970      14.3513
     971      14.6181
     972      13.9446
     973      12.7131
     974       9.1444
     975      12.3013
     976      10.7432
     977      12.5427
     978      12.4687
     979      12.8337
     980      11.6707
     981      12.1695
     982      13.4839
     983      15.8474
     984      15.1932
     985      15.7041
     986      10.9278
     987      11.8001
     988      13.3451
     989      14.4779
     990      13.4468
     991      11.7047
     992      12.0275
     993      13.5777
     994      11.7825
     995      13.9819
     996      15.5166
     997      15.2714
     998      16.6503
     999      14.2994
    1000      13.4974
    1001      13.2725
    1002      11.9395
    1003      13.3137
    1004      16.8179
    1005      13.7845
    1006      13.1643
    1007      11.4845
    1008      14.3295
    1009      11.4574
    1010      10.6917
    1011      12.9646
    1012      11.6891
    1013      11.3228
    1014      10.9691
    1015      10.3122
    1016      12.7056
    1017      11.6508
    1018      11.6440
    1019      13.0906
    1020      13.4114
    1021      15.5816
    1022      13.9732
    1023      12.5962
    1024      11.0634
    1025      12.1655
    1026      13.0663
    1027      14.4605
    1028      12.0035
    1029      13.2197
    1030      15.3907
    1031      14.5522
    1032      15.0579
    1033      14.9529
    1034      10.5099
    1035      10.6286
    1036      13.3860
    1037      15.0770
    1038      13.9723
    1039      15.0697
    1040      13.5362
    1041      15.9072
    1042      18.1047
    1043      18.3203
    1044      16.0738
    1045      12.0298
    1046      14.8847
    1047      13.1559
    1048      13.7422
    1049      13.9258
    1050      13.7544
    1051      11.9961
    1052      12.3289
    1053      11.2855
    1054      12.6774
    1055      12.3055
    1056      14.1699
    1057      15.5143
    1058      16.9880
    1059      14.9205
    1060      14.4247
    1061      14.0294
    1062      15.8776
    1063      15.8403
    1064      14.0222
    1065      15.6868
    1066      14.3637
    1067      14.1423
    1068      12.0282
    1069      11.4958
    1070      11.4041
    1071      11.4756
    1072      11.8672
    1073      11.1361
    1074       8.8122
    1075      10.0770
    1076       9.7817
    1077       9.5249
    1078       9.1708
    1079       9.4918
    1080      10.9825
    1081      10.1140
    1082       9.2569
    1083      11.3675
    1084       9.6418
    1085       9.8558
    1086      10.2743
    1087       9.6047
    1088       9.5286
    1089       9.7653
    1090       9.5566
    1091      11.4905
    1092      11.3940
    1093      12.0500
    1094      11.3022
    1095      11.6127
    1096      12.8630
    1097      10.5614
    1098       9.9770
    1099      11.1393
    1100      14.2037
    1101      13.1154
    1102      14.6964
    1103      13.1849
    1104      14.5982
    1105      15.9411
    1106      13.8522
    1107      14.4654
    1108      11.7260
    1109      14.7219
    1110      14.0782
    1111      12.9724
    1112      13.0876
    1113      16.1825
    1114      15.4125
    1115      12.9539
    1116      13.2236
    1117      10.5223
    1118      11.1492
    1119      10.1771
    1120       9.5396
    1121       9.4107
    1122      10.8272
    1123      10.1385
    1124       9.2427
    1125      12.3106
    1126      11.5251
    1127      11.8912
    1128      15.8099
    1129      14.7181
    1130      15.8403
    1131      19.4439
    1132      17.5841
    1133      19.6408
    1134      17.3798
    1135      17.0207
    1136      13.9919
    1137      14.6132
    1138      16.3635
    1139      17.8489
    1140      17.5789
    1141      16.0818
    1142      19.5099
    1143      17.3435
    1144      19.3167
    1145      18.3257
    1146      19.4843
    1147      17.1867
    1148      18.9110
    1149      19.9798
    1150      21.5337
    1151      20.5278
    1152      18.6962
    1153      18.5015
    1154      15.2441
    1155      13.7540
    1156      13.5931
    1157      12.0985
    1158      13.5415
    1159      12.1770
    1160      10.6662
    1161      11.1258
    1162      11.0221
    1163      10.3588
    1164      10.7316
    1165      11.1299
    1166      11.0175
    1167      11.1743
    1168      11.4460
    1169      10.2279
    1170      10.8259
    1171      11.7446
    1172      12.3706
    1173      13.3978
    1174      12.7407
    1175      13.2472
    1176      12.5506
    1177      11.4258
    1178      11.9605
    1179      11.3232
    1180      11.6257
    1181      11.4413
    1182      10.5788
    1183      10.2511
    1184      11.6039
    1185      10.7147
    1186      10.6628
    1187      11.2551
    1188      12.8120
    1189      13.2294
    1190      11.1762
    1191      11.7608
    1192      13.4429
    1193      10.7090
    1194      10.9192
    1195       9.5847
    1196      11.6212
    1197      10.6258
    1198      11.1657
    1199      10.7745
    1200      12.2080
    1201      10.4045
    1202       9.7638
    1203      12.1681
    1204      11.9864
    1205      16.5300
    1206      15.5442
    1207      13.6508
    1208      14.9102
    1209      15.0909
    1210      17.8191
    1211      16.0752
    1212      13.4052
    1213      12.2925
    1214      14.4080
    1215      13.1972
    1216      15.3432
    1217      17.3940
    1218      19.6383
    1219      16.9231
    1220      16.3205
    1221      16.8625
    1222      14.7981
    1223      16.8872
    1224      15.6893
    1225      19.0859
    1226      15.3962
    1227      15.4094
    1228      15.3484
    1229      13.0216
    1230      13.7990
    1231      15.1605
    1232      14.7927
    1233      16.7370
    1234      15.2729
    1235      17.1940
    1236      10.7389
    1237      12.2769
    1238      13.1707
    1239      14.3793
    1240      14.1704
    1241      15.8802
    1242      12.8222
    1243      13.3086
    1244      13.4811
    1245      13.9221
    1246      14.6335
    1247      11.0488
    1248       9.9928
    1249      10.0062
    1250       9.9989
    1251       9.6089
    1252       9.8817
    1253      10.9518
    1254       9.4324
    1255      11.7066
    1256      10.2106
    1257      10.1221
    1258      10.9648
    1259      10.5514
    1260      10.9244
    1261      10.2559
    1262      11.3794
    1263      14.1465
    1264      12.9341
    1265      11.5720
    1266      12.6526
    1267      10.7313
    1268      14.8723
    1269      19.7549
    1270      18.7046
    1271      18.0519
    1272      20.0060
    1273      13.2663
    1274      14.6017
    1275      17.4457
    1276      16.0621
    1277      16.9670
    1278      19.6317
    1279      16.6346
    1280      19.6359
    1281      19.0110
    1282      17.5498
    1283      17.8030
    1284      14.9780
    1285      13.5454
    1286      13.1882
    1287      13.4596
    1288      14.3662
    1289      16.3525
    1290      16.5121
    1291      21.7101
    1292      21.8308
    1293      19.4337
    1294      17.4144
    1295      21.8588
    1296      19.3754
    1297      12.5763
    1298      13.9742
    1299      18.9584
    1300      18.0990
    1301      17.8640
    1302      12.6816
    1303      14.4556
    1304      14.8418
    1305      16.1478
    1306      16.5828
    1307      16.3861
    1308      12.9598
    1309      14.7575
    1310      15.6474
    1311      15.4036
    1312      14.6759
    1313      13.5126
    1314      11.9446
    1315      13.4823
    1316      13.5092
    1317      14.5753
    1318      16.1814
    1319      14.8603
    1320      16.5593
    1321      13.6524
    1322      15.0671
    1323      12.6271
    1324      10.0500
    1325      13.6719
    1326      10.5773
    1327      13.7385
    1328      18.1149
    1329      16.8332
    1330      15.2763
    1331      21.9753
    1332      23.0978
    1333      20.4892
    1334      15.4260
    1335      14.9803
    1336      16.3939
    1337      18.0251
    1338      20.1189
    1339      21.1099
    1340      18.8083
    1341      21.7051
    1342      22.0191
    1343      21.7966
    1344      19.6516
    1345      13.7921
    1346      17.2940
    1347      15.4337
    1348      14.1209
    1349      17.9956
    1350      16.9312
    1351      16.8117
    1352      20.0376
    1353      15.9439
    1354      17.0488
    1355      13.5678
    1356      11.9136
    1357      14.6209
    1358      14.3444
    1359      14.8817
    1360      16.4548
    1361      17.5422
    1362      18.1147
    1363      17.1006
    1364      16.6793
    1365      19.0896
    1366      20.5338
    1367      17.1413
    1368      17.5738
    1369      16.3184
    1370      18.8581
    1371      16.7355
    1372      17.4467
    1373      17.1843
    1374      16.7670
    1375      14.4299
    1376      16.6590
    1377      15.0472
    1378      17.5927
    1379      17.6632
    1380      19.4159
    1381      15.2675
    1382      19.6690
    1383      14.4000
    1384      19.4559
    1385      13.9532
    1386      17.8513
    1387      15.7469
    1388      16.4940
    1389      16.6332
    1390      20.5379
    1391      18.1731
    1392      18.7881
    1393      19.7001
    1394      16.4385
    1395      15.5698
    1396      19.1641
    1397      19.3005
    1398      20.6334
    1399      18.4263
    1400      20.4650
    1401      18.5389
    1402      20.0247
    1403      20.0748
    1404      18.4012
    1405      19.5959
    1406      18.4058
    1407      18.2846
    1408      16.1377
    1409      12.7790
    1410      16.5510
    1411      19.5490
    1412      18.3381
    1413      18.3359
    1414      16.9174
    1415      18.8074
    1416      16.1465
    1417      17.4381
    1418      21.1630
    1419      19.6227
    1420      19.6388
    1421      18.7433
    1422      19.0729
    1423      17.6382
    1424      17.7926
    1425      19.8834
    1426      19.8845
    1427      21.4148
    1428      21.3572
    1429      20.1989
    1430      17.7438
    1431      17.6148
    1432      15.6690
    1433      17.5287
    1434      17.3541
    1435      15.9738
    1436      18.7009
    1437      16.9961
    1438      17.1432
    1439      16.2833
    1440      17.2600
    1441      19.7757
    1442      17.3447
    1443      19.7051
    1444      17.2101
    1445      13.6138
    1446      11.8628
    1447      13.5837
    1448      13.0997
    1449      15.4649
    1450      14.1260
    1451      14.1671
    1452      16.8043
    1453      16.5122
    1454      15.6754
    1455      14.0681
    1456      14.6942
    1457      14.2452
    1458      12.0516
    1459      12.4200
    1460      14.7303
    1461       8.9890
    1462      11.2071
    1463      18.5253
    1464      17.4671
    1465      12.5841
    1466      11.9355
    1467      11.9280
    1468      14.8104
    1469      12.6713
    1470      11.3010
    1471      11.1220
    1472      13.0666
    1473      11.3036
    1474      10.0984
    1475      10.8326
    1476      11.4425
    1477      12.5103
    1478      14.1582
    1479      10.0856
    1480      10.6830
    1481      10.1772
    1482      11.2903
    1483      11.2213
    1484      11.0198
    1485      11.1990
    1486      12.4128
    1487      12.5954
    1488      14.9081
    1489      14.4262
    1490      10.6625
    1491      12.7554
    1492      12.0770
    1493      11.6178
    1494      12.6992
    1495      10.7146
    1496      13.3399
    1497      13.0734
    1498      10.6216
    1499      13.7450
    1500      13.4505
    1501      12.3161
    1502       9.6467
    1503      10.9859
    1504       9.4781
    1505      11.5940
    1506      10.5269
    1507      10.6686
    1508      11.0172
    1509       9.1169
    1510       9.9727
    1511      11.7250
    1512      13.7417
    1513      12.5045
    1514      15.8866
    1515      14.8272
    1516      13.3172
    1517      14.7380
    1518      16.6166
    1519      15.9415
    1520      13.2167
    1521      17.0497
    1522      14.8889
    1523      14.4375
    1524      16.7704
    1525      15.8402
    1526      15.4336
    1527      19.8159
    1528      14.1257
    1529      18.8485
    1530      18.1985
    1531      13.8896
    1532      17.2458
    1533      18.2716
    1534      18.1592
    1535      17.3471
    1536      18.3545
    1537      16.4734
    1538      17.7570
    1539      18.7931
    1540      16.8092
    1541      19.4844
    1542      14.1024
    1543      17.7160
    1544      15.1203
    1545      18.1725
    1546      18.8811
    1547      17.1864
    1548      18.7915
    1549      17.7729
    1550      13.2866
    1551      15.5770
    1552      14.6746
    1553      16.3499
    1554      12.3690
    1555      10.9659
    1556      11.4232
    1557      12.2319
    1558      11.5915
    1559      13.6785
    1560      16.7853
    1561      17.4835
    1562      14.4056
    1563      12.7042
    1564      11.5242
    1565      10.2410
    1566       9.6006
    1567      12.2186
    1568      14.8205
    1569      14.6950
    1570      13.1902
    1571      15.0360
    1572      15.3588
    1573      12.2977
    1574      14.5724
    1575      13.7492
    1576      13.5003
    1577      12.2433
    1578      13.7390
    1579      12.6361
    1580      12.3999
    1581       9.2746
    1582      10.8907
    1583      14.2288
    1584      11.6272
    1585      13.7073
    1586      10.4535
    1587       9.8661
    1588      11.3278
    1589      10.7860
    1590      13.2766
    1591      11.9691
    1592      11.7748
    1593      13.6791
    1594      15.4789
    1595      14.6296
    1596      15.5782
    1597      13.4429
    1598      13.5986
    1599      11.1965
    1600      11.7002
    1601      11.0469
    1602      12.5739
    1603      14.1588
    1604       9.8746
    1605      10.4712
    1606      12.6480
    1607      10.8934
    1608      11.4972
    1609      11.9511
    1610      16.4684
    1611      14.2135
    1612      15.2281
    1613      14.5647
    1614      12.5041
    1615      14.8805
    1616      11.1498
    1617      11.5302
    1618      10.8500
    1619      12.2010
    1620      12.4381
    1621      10.0377
    1622      10.4465
    1623      12.1823
    1624      10.7273
    1625      12.2717
    1626      11.7940
    1627      14.7585
    1628      16.1239
    1629      16.2689
    1630      19.2708
    1631      17.6878
    1632      14.5661
    1633      13.4197
    1634      13.3199
    1635      16.1064
    1636      11.8346
    1637      13.9864
    1638      15.4972
    1639      13.0379
    1640      11.6430
    1641      10.5477
    1642      12.2848
    1643      12.6869
    1644      10.6795
    1645      13.3419
    1646      12.1610
    1647      13.5997
    1648      10.6631
    1649      11.2311
    1650      11.4497
    1651      14.1841
    1652      12.9777
    1653      12.2879
    1654      10.3561
    1655       8.9799
    1656      13.4250
    1657      11.8911
    1658      11.8100
    1659      11.0879
    1660      11.2154
    1661      13.6803
    1662      13.5971
    1663      15.8734
    1664      13.5472
    1665      15.8533
    1666      16.3856
    1667      15.5734
    1668      14.1272
    1669      15.3400
    1670      15.5643
    1671      14.0303
    1672      14.5572
    1673      14.9595
    1674      14.4179
    1675      13.9867
    1676      14.3305
    1677      16.0695
    1678      16.6377
    1679      13.9639
    1680      13.7443
    1681      16.5127
    1682      14.8858
    1683      14.6537
    1684      14.3348
    1685      14.9738
    1686      16.5503
    1687      14.8644
    1688      16.5731
    1689      13.5055
    1690      15.3654
    1691      14.5628
    1692      13.9689
    1693      12.3376
    1694      15.4818
    1695      12.8348
    1696      17.5774
    1697      12.5517
    1698      14.1223
    1699      13.9618
    1700      12.8283
    1701      17.2266
    1702      14.7443
    1703      13.7263
    1704      16.8246
    1705      19.0264
    1706      15.2924
    1707      15.8691
    1708      15.6066
    1709      17.7046
    1710      18.5158
    1711      14.7471
    1712      12.9082
    1713      12.0622
    1714      12.5635
    1715      18.1666
    1716      15.0376
    1717      10.9323
    1718      14.1927
    1719      14.0522
    1720      14.9222
    1721      14.2687
    1722      11.6367
    1723      13.6316
    1724      13.2965
    1725      13.0628
    1726      14.1731
    1727      12.8128
    1728      15.4220
    1729      17.2540
    1730      14.9564
    1731      15.2898
    1732      12.1093
    1733      12.1797
    1734      10.3428
    1735      14.3231
    1736      13.0102
    1737      14.0110
    1738      14.2836
    1739      13.9785
    1740      13.0151
    1741      13.5884
    1742      14.4139
    1743      11.5053
    1744      10.7382
    1745      12.2845
    1746       9.1634
    1747      10.9898
    1748      13.2818
    1749      13.5574
    1750      15.4042
    1751      13.7891
    1752      11.5115
    1753      13.7585
    1754      15.2621
    1755      13.4237
    1756      12.6644
    1757      13.5197
    1758      14.6406
    1759      14.9957
    1760      15.3065
    1761      16.3818
    1762      14.2768
    1763      12.7016
    1764      16.0691
    1765      16.1343
    1766      19.0288
    1767      17.5289
    1768      13.9493
    1769      15.8271
    1770      15.5467
    1771      12.7707
    1772      13.3164
    1773      16.4887
    1774      14.9134
    1775      14.3816
    1776      14.8228
    1777      14.9035
    1778      12.2002
    1779      16.5101
    1780      18.5035
    1781      15.5148
    1782      16.3293
    1783      15.7971
    1784      16.9430
    1785      15.7732
    1786      12.2000
    1787      12.3546
    1788      14.5061
    1789      15.3470
    1790      18.3604
    1791      17.8060
    1792      15.8209
    1793      15.7837
    1794      16.6714
    1795      15.8020
    1796      16.6868
    1797      13.5413
    1798      16.3181
    1799      14.4062
    1800      18.9414
    1801      15.9932
    1802      18.7711
    1803      16.2602
    1804      16.2537
    1805      14.3618
    1806      15.5568
    1807      16.5719
    1808      18.2231
    1809      17.6441
    1810      15.1360
    1811      15.0754
    1812      17.7942
    1813      14.0139
    1814      12.2196
    1815      14.5566
    1816      16.1671
    1817      13.7994
    1818      17.0544
    1819      14.2908
    1820      15.5860
    1821      14.0043
    1822      14.6779
    1823      13.9638
    1824      15.8777
    1825      13.7991
    1826      15.3387
    1827      13.1007
    1828      14.4689
    1829      15.2771
    1830      15.2663
    1831      13.9976
    1832      15.6009
    1833      12.3712
    1834      13.0424
    1835      13.7033
    1836      14.0718
    1837      16.7930
    1838      16.1401
    1839      15.0573
    1840      13.0250
    1841      16.1038
    1842      14.1527
    1843      16.9199
    1844      14.7634
    1845      13.0188
    1846      16.8137
    1847      16.9637
    1848      13.6296
    1849      15.5232
    1850      12.8239
    1851      14.3724
    1852      17.8900
    1853      16.1224
    1854      16.9683
    1855      15.3999
    1856      14.5653
    1857      16.7793
    1858      15.6960
    1859      13.1655
    1860      14.1077
    1861      16.2441
    1862      16.4302
    1863      13.1364
    1864      13.5599
    1865      12.3401
    1866      14.8521
    1867      18.0312
    1868      17.3914
    1869      14.1603
    1870      12.7586
    1871      15.5286
    1872      12.8319
    1873      13.8647
    1874      15.8443
    1875      12.5462
    1876      12.8720
    1877      14.6005
    1878      15.2063
    1879      11.8321
    1880      16.2968
    1881      14.0497
    1882      14.4120
    1883      15.6422
    1884      15.6268
    1885      14.5426
    1886      15.0494
    1887      14.6742
    1888      12.4379
    1889      14.9153
    1890      13.8200
    1891      14.9978
    1892      14.3629
    1893      14.1786
    1894      14.0232
    1895      12.7041
    1896      12.2985
    1897      15.4131
    1898      14.2694
    1899      12.4131
    1900      15.0070
    1901      15.0642
    1902      13.2663
    1903      15.0742
    1904      14.0980
    1905      13.6338
    1906      15.0216
    1907      15.9588
    1908      14.4061
    1909      12.6527
    1910      15.4077
    1911      12.6883
    1912      15.9130
    1913      13.4922
    1914      12.8668
    1915      10.6486
    1916      14.3202
    1917      12.4686
    1918      15.7183
    1919      13.8512
    1920      12.1109
    1921      13.8079
    1922      18.6134
    1923      17.0774
    1924      18.2605
    1925      16.8626
    1926      15.6338
    1927      15.5824
    1928      18.3032
    1929      16.1766
    1930      17.3104
    1931      15.6945
    1932      15.5642
    1933      16.6154
    1934      16.3406
    1935      16.1766
    1936      16.9274
    1937      17.2410
    1938      15.3996
    1939      16.7302
    1940      16.7439
    1941      13.9697
    1942      17.2259
    1943      17.6637
    1944      14.9726
    1945      17.0360
    1946      16.3915
    1947      16.8175
    1948      14.5599
    1949      17.3250
    1950      13.4222
    1951      15.9959
    1952      13.2526
    1953      15.2746
    1954      14.5718
    1955      15.8429
    1956      14.5204
    1957      15.5515
    1958      14.5901
    1959      17.0660
    1960      19.2328
    1961      16.4935
    1962      15.9751
    1963      15.4952
    1964      15.9101
    1965      15.1473
    1966      13.1979
    1967      13.4733
    1968      16.4049
    1969      16.7428
    1970      13.0637
    1971      15.2543
    1972      15.4451
    1973      15.2156
    1974      14.4660
    1975      14.5582
    1976      14.9347
    1977      16.1564
    1978      16.6009
    1979      15.3980
    1980      15.7790
    1981      16.8222
    1982      16.2030
    1983      14.0521
    1984      17.8650
    1985      15.8996
    1986      16.2502
    1987      15.1011
    1988      15.9101
    1989      16.7912
    1990      14.7578
    1991      15.8469
    1992      16.3312
    1993      14.4730
    1994      15.3640
    1995      13.9829
    1996      14.5868
    1997      14.4574
    1998      16.0254
    1999      14.7359
    2000      14.2910
